[gd_scene load_steps=10 format=3 uid="uid://bhv7habpmqjpy"]

[ext_resource type="PackedScene" uid="uid://bokhqxe2v15jj" path="res://scenes/PinPaddleL.tscn" id="1_5qyme"]
[ext_resource type="Script" path="res://scripts/game_controller.gd" id="1_6qhd8"]
[ext_resource type="PackedScene" uid="uid://c55qbxhntdmcs" path="res://scenes/ball.tscn" id="1_mrdqu"]
[ext_resource type="PackedScene" uid="uid://cabciv6bghl7x" path="res://scenes/obstacle.tscn" id="2_sq01j"]
[ext_resource type="PackedScene" uid="uid://bnmv3xfy2ram6" path="res://scenes/obstacle2.tscn" id="3_ldsem"]
[ext_resource type="PackedScene" uid="uid://wn5g7lo17l3u" path="res://scenes/PinPaddleR.tscn" id="5_8l3ke"]

[sub_resource type="BoxShape3D" id="BoxShape3D_1s21e"]
size = Vector3(4.73926, 0.231964, 2.45996)

[sub_resource type="BoxMesh" id="BoxMesh_t3ogf"]

[sub_resource type="StandardMaterial3D" id="StandardMaterial3D_i3stp"]
albedo_color = Color(1, 1, 0.443137, 1)

[node name="pinballStarter" type="Node3D"]
transform = Transform3D(1, 0, 0, 0, 0.866025, -0.5, 0, 0.5, 0.866025, 0, 0, 0)
script = ExtResource("1_6qhd8")
ball = ExtResource("1_mrdqu")

[node name="Camera3D" type="Camera3D" parent="."]
transform = Transform3D(1, 0, 0, 0, 0.573576, 0.819152, 0, -0.819152, 0.573576, 0, 12, 9.87)
fov = 60.0
size = 14.415

[node name="DirectionalLight3D" type="DirectionalLight3D" parent="."]
transform = Transform3D(0.669377, 0, -0.742923, 0.502198, 0.736924, 0.452483, 0.547477, -0.675976, 0.49328, 0, 4.97079, 0)

[node name="ball" parent="." instance=ExtResource("1_mrdqu")]
transform = Transform3D(1, 0, 0, 0, 1, 0, 0, 0, 1, 0, 0.763, -6.27601)
gravity_scale = 2.0

[node name="table objects" type="Node3D" parent="."]

[node name="table" type="StaticBody3D" parent="table objects"]
transform = Transform3D(-4.37114e-08, 0, 1, 0, 1, 0, -1, 0, -4.37114e-08, 0, 0, 0)

[node name="CollisionShape3D" type="CollisionShape3D" parent="table objects/table"]
transform = Transform3D(3.13485, 0, 0, 0, 3.13485, 0, 0, 0, 3.13485, 0, -0.132166, 0)
shape = SubResource("BoxShape3D_1s21e")
metadata/_edit_group_ = true

[node name="MeshInstance3D" type="MeshInstance3D" parent="table objects/table"]
transform = Transform3D(14.7376, 0, 0, 0, 0.711788, 0, 0, 0, 7.60985, 0, -0.135197, 0)
mesh = SubResource("BoxMesh_t3ogf")
surface_material_override/0 = SubResource("StandardMaterial3D_i3stp")

[node name="obstacle1" parent="table objects" instance=ExtResource("2_sq01j")]
transform = Transform3D(-4.37114e-08, 0, 1, 0, 1, 0, -1, 0, -4.37114e-08, 2.30921, 0.231373, -2.56486)

[node name="obstacle4" parent="table objects" instance=ExtResource("2_sq01j")]
transform = Transform3D(-4.37114e-08, 0, 1, 0, 1, 0, -1, 0, -4.37114e-08, -3.99112, 0.231373, -2.56486)

[node name="obstacle5" parent="table objects" instance=ExtResource("2_sq01j")]
transform = Transform3D(-4.37114e-08, 0, 1, 0, 1, 0, -1, 0, -4.37114e-08, -3.99112, 0.231373, -4.6447)

[node name="obstacle6" parent="table objects" instance=ExtResource("2_sq01j")]
transform = Transform3D(-4.37114e-08, 0, 1, 0, 1, 0, -1, 0, -4.37114e-08, -3.99112, 0.231373, 2.93273)

[node name="obstacle7" parent="table objects" instance=ExtResource("2_sq01j")]
transform = Transform3D(-4.37114e-08, 0, 1, 0, 1, 0, -1, 0, -4.37114e-08, -3.99112, 0.231373, 4.65985)

[node name="obstacle8" parent="table objects" instance=ExtResource("2_sq01j")]
transform = Transform3D(-4.37114e-08, 0, 1, 0, 1, 0, -1, 0, -4.37114e-08, 4.03633, 0.231373, 4.65985)

[node name="obstacle9" parent="table objects" instance=ExtResource("2_sq01j")]
transform = Transform3D(-4.37114e-08, 0, 1, 0, 1, 0, -1, 0, -4.37114e-08, 4.03633, 0.231373, -0.716111)

[node name="obstacle10" parent="table objects" instance=ExtResource("2_sq01j")]
transform = Transform3D(-4.37114e-08, 0, 1, 0, 1, 0, -1, 0, -4.37114e-08, 4.03633, 0.231373, -4.6447)

[node name="obstacle11" parent="table objects" instance=ExtResource("2_sq01j")]
transform = Transform3D(1, 0, 0, 0, 1, 0, 0, 0, 1, 1.54296, 0.231373, -7.61242)

[node name="obstacle12" parent="table objects" instance=ExtResource("2_sq01j")]
transform = Transform3D(1, 0, 0, 0, 1, 0, 0, 0, 1, -1.43693, 0.231373, -7.61242)

[node name="obstacle2" parent="table objects" instance=ExtResource("2_sq01j")]
transform = Transform3D(-4.37114e-08, 0, 1, 0, 1, 0, -1, 0, -4.37114e-08, 2.30921, 0.231373, 2.82327)

[node name="obstacle3" parent="table objects" instance=ExtResource("2_sq01j")]
transform = Transform3D(-4.37114e-08, 0, 1, 0, 1, 0, -1, 0, -4.37114e-08, 2.30921, 0.231373, 4.6112)

[node name="smallObstacle1" parent="table objects" instance=ExtResource("3_ldsem")]
transform = Transform3D(0.587136, -3.91989e-09, -0.809489, 2.44407e-09, 1, -3.0697e-09, 0.809489, -1.76115e-10, 0.587136, -3.10324, 0.231373, -4.36495)

[node name="smallObstacle2" parent="table objects" instance=ExtResource("3_ldsem")]
transform = Transform3D(0.670388, -3.91623e-09, -0.742011, 2.44407e-09, 1, -3.0697e-09, 0.742011, 2.44365e-10, 0.670388, 3.54982, 0.231373, -7.19889)

[node name="smallObstacle3" parent="table objects" instance=ExtResource("3_ldsem")]
transform = Transform3D(0.323802, 2.11293e-09, 0.946125, 2.44407e-09, 1, -3.0697e-09, -0.946125, 3.30637e-09, 0.323802, 1.06861, 0.231373, 0.0136566)

[node name="smallObstacle4" parent="table objects" instance=ExtResource("3_ldsem")]
transform = Transform3D(0.323802, 2.11293e-09, 0.946125, 2.44407e-09, 1, -3.0697e-09, -0.946125, 3.30637e-09, 0.323802, -0.96258, 0.231373, -0.193111)

[node name="smallObstacle5" parent="table objects" instance=ExtResource("3_ldsem")]
transform = Transform3D(0.953001, -1.39917e-09, 0.302969, 2.44407e-09, 1, -3.0697e-09, -0.302969, 3.6659e-09, 0.953001, 0.910492, 0.231373, 3.35843)

[node name="PinPaddleL" parent="." instance=ExtResource("1_5qyme")]
transform = Transform3D(1, 0, 0, 0, 1, 0, 0, 0, 1, -2.27869, 0.551497, 6.90536)
rotatePower = 10.0

[node name="PinPaddleR" parent="." instance=ExtResource("5_8l3ke")]
transform = Transform3D(1, 0, 0, 0, 1, 0, 0, 0, 1, 0.900151, 0.572098, 6.9153)
rotatePower = 10.0
